
Displaying notes found at file offset 0x000d04a0 with length 0x000031f0:
  Owner                Data size 	Description
  CORE                 0x00000088	NT_PRPSINFO (prpsinfo structure)
  CORE                 0x00000150	NT_PRSTATUS (prstatus structure)
  CORE                 0x00000200	NT_FPREGSET (floating point registers)
  LINUX                0x00000340	NT_X86_XSTATE (x86 XSAVE extended state)
   description data: 7f 03 00 00 00 00 00 00 00 00 00 00 00 00 00 00 00 00 00 00 00 00 00 00 80 1f 00 00 00 00 00 00 00 00 00 00 00 00 00 00 00 00 00 00 00 00 00 00 00 00 00 00 00 00 00 00 00 00 00 00 00 00 00 00 00 00 00 00 00 00 00 00 00 00 00 00 00 00 00 00 00 00 00 00 00 00 00 00 00 00 00 00 00 00 00 00 00 00 00 00 00 00 00 00 00 00 00 00 00 00 00 00 00 00 00 00 00 00 00 00 00 00 00 00 00 00 00 00 00 00 00 00 00 00 00 00 00 00 00 00 00 00 00 00 00 00 00 00 00 00 00 00 00 00 00 00 00 00 00 00 00 00 00 00 00 00 00 00 00 00 00 00 00 00 00 00 00 00 00 00 00 00 00 00 00 00 00 00 00 00 00 00 00 00 00 00 00 00 00 00 00 00 00 00 00 00 00 00 00 00 00 00 00 00 00 00 00 00 00 00 00 00 00 00 2f 2f 2f 2f 2f 2f 2f 2f 2f 2f 2f 2f 2f 2f 2f 2f 98 0d 00 00 00 00 00 00 00 00 00 00 00 00 00 00 60 00 00 00 00 00 00 00 00 00 00 00 00 00 00 00 00 00 00 00 00 00 00 00 00 00 00 00 00 00 00 00 00 00 00 00 00 00 00 00 00 00 00 00 00 00 00 00 00 00 00 00 00 00 00 00 00 00 00 00 00 00 00 00 00 00 00 00 00 00 00 00 00 00 00 00 00 00 00 00 00 00 00 00 00 00 00 00 00 00 00 00 00 00 00 00 00 00 00 00 00 00 00 00 00 00 00 00 00 00 00 00 00 00 00 00 00 00 00 00 00 00 00 00 00 00 00 00 00 00 00 00 00 00 00 00 00 00 00 00 00 00 00 00 00 00 00 00 00 00 00 00 00 00 00 00 00 00 00 00 00 00 00 00 00 00 00 00 00 00 00 00 00 00 00 00 00 00 00 00 00 00 00 00 00 00 00 00 00 00 00 00 00 00 00 00 00 00 00 00 00 00 00 00 00 00 00 00 07 00 00 00 00 00 00 00 00 00 00 00 00 00 00 00 00 00 00 00 00 00 00 00 00 00 00 00 00 00 00 00 00 00 00 00 00 00 00 00 00 00 00 00 00 00 00 00 07 00 00 00 00 00 00 00 00 00 00 00 00 00 00 00 00 00 00 00 00 00 00 00 00 00 00 00 00 00 00 00 00 00 00 00 00 00 00 00 00 00 00 00 00 00 00 00 00 00 00 00 00 00 00 00 00 00 00 00 00 00 00 00 00 00 00 00 00 00 00 00 00 00 00 00 00 00 00 00 00 00 00 00 00 00 00 00 00 00 00 00 00 00 00 00 00 00 00 00 00 00 00 00 00 00 00 00 00 00 00 00 00 00 00 00 00 00 00 00 00 00 00 00 00 00 00 00 00 00 00 00 00 00 00 00 00 00 00 00 00 00 00 00 00 00 00 00 00 00 00 00 00 00 00 00 00 00 00 00 00 00 00 00 00 00 00 00 00 00 00 00 00 00 00 00 00 00 00 00 00 00 00 00 00 00 00 00 00 00 00 00 00 00 00 00 00 00 00 00 00 00 00 00 00 00 00 00 00 00 00 00 00 00 00 00 00 00 00 00 00 00 00 00 00 00 00 00 00 00 00 00 00 00 00 00 00 00 00 00 00 00 00 00 00 00 00 00 00 00 00 00 00 00 00 00 00 00 00 00 00 00 00 00 00 00 00 00 00 00 00 00 00 00 00 00 00 00 00 00 00 00 00 00 00 00 00 00 00 00 00 00 00 00 00 00 00 00 00 00 00 00 00 00 00 00 00 00 00 00 00 00 00 00 00 00 00 00 00 00 
  CORE                 0x00000080	NT_SIGINFO (siginfo_t data)
  CORE                 0x00000150	NT_AUXV (auxiliary vector)
  CORE                 0x0000095c	NT_FILE (mapped files)
    Page size: 1
                 Start                 End         Page Offset
    0x0000555555554000  0x0000555555555000  0x0000000000000000
        /home/tests_binsec/candidates/mpc-in-the-head/perk/binsec/perk-128-fast-3/perk_sign/test_harness_crypto_sign
    0x0000555555555000  0x0000555555556000  0x0000000000001000
        /home/tests_binsec/candidates/mpc-in-the-head/perk/binsec/perk-128-fast-3/perk_sign/test_harness_crypto_sign
    0x0000555555556000  0x0000555555557000  0x0000000000002000
        /home/tests_binsec/candidates/mpc-in-the-head/perk/binsec/perk-128-fast-3/perk_sign/test_harness_crypto_sign
    0x0000555555557000  0x0000555555558000  0x0000000000002000
        /home/tests_binsec/candidates/mpc-in-the-head/perk/binsec/perk-128-fast-3/perk_sign/test_harness_crypto_sign
    0x0000555555558000  0x0000555555559000  0x0000000000003000
        /home/tests_binsec/candidates/mpc-in-the-head/perk/binsec/perk-128-fast-3/perk_sign/test_harness_crypto_sign
    0x00007ffff790b000  0x00007ffff79bd000  0x0000000000000000
        /usr/lib/x86_64-linux-gnu/libcrypto.so.3
    0x00007ffff79bd000  0x00007ffff7c1c000  0x00000000000b2000
        /usr/lib/x86_64-linux-gnu/libcrypto.so.3
    0x00007ffff7c1c000  0x00007ffff7cee000  0x0000000000311000
        /usr/lib/x86_64-linux-gnu/libcrypto.so.3
    0x00007ffff7cee000  0x00007ffff7d49000  0x00000000003e2000
        /usr/lib/x86_64-linux-gnu/libcrypto.so.3
    0x00007ffff7d49000  0x00007ffff7d4c000  0x000000000043d000
        /usr/lib/x86_64-linux-gnu/libcrypto.so.3
    0x00007ffff7d4f000  0x00007ffff7d77000  0x0000000000000000
        /usr/lib/x86_64-linux-gnu/libc.so.6
    0x00007ffff7d77000  0x00007ffff7f0c000  0x0000000000028000
        /usr/lib/x86_64-linux-gnu/libc.so.6
    0x00007ffff7f0c000  0x00007ffff7f64000  0x00000000001bd000
        /usr/lib/x86_64-linux-gnu/libc.so.6
    0x00007ffff7f64000  0x00007ffff7f65000  0x0000000000215000
        /usr/lib/x86_64-linux-gnu/libc.so.6
    0x00007ffff7f65000  0x00007ffff7f69000  0x0000000000215000
        /usr/lib/x86_64-linux-gnu/libc.so.6
    0x00007ffff7f69000  0x00007ffff7f6b000  0x0000000000219000
        /usr/lib/x86_64-linux-gnu/libc.so.6
    0x00007ffff7f7c000  0x00007ffff7f7f000  0x0000000000000000
        /home/tests_binsec/candidates/mpc-in-the-head/perk/Optimized_Implementation/perk-128-fast-3/build/libcttest.so
    0x00007ffff7f7f000  0x00007ffff7fb6000  0x0000000000003000
        /home/tests_binsec/candidates/mpc-in-the-head/perk/Optimized_Implementation/perk-128-fast-3/build/libcttest.so
    0x00007ffff7fb6000  0x00007ffff7fb9000  0x000000000003a000
        /home/tests_binsec/candidates/mpc-in-the-head/perk/Optimized_Implementation/perk-128-fast-3/build/libcttest.so
    0x00007ffff7fb9000  0x00007ffff7fba000  0x000000000003c000
        /home/tests_binsec/candidates/mpc-in-the-head/perk/Optimized_Implementation/perk-128-fast-3/build/libcttest.so
    0x00007ffff7fba000  0x00007ffff7fbb000  0x000000000003d000
        /home/tests_binsec/candidates/mpc-in-the-head/perk/Optimized_Implementation/perk-128-fast-3/build/libcttest.so
    0x00007ffff7fc3000  0x00007ffff7fc5000  0x0000000000000000
        /usr/lib/x86_64-linux-gnu/ld-linux-x86-64.so.2
    0x00007ffff7fc5000  0x00007ffff7fef000  0x0000000000002000
        /usr/lib/x86_64-linux-gnu/ld-linux-x86-64.so.2
    0x00007ffff7fef000  0x00007ffff7ffa000  0x000000000002c000
        /usr/lib/x86_64-linux-gnu/ld-linux-x86-64.so.2
    0x00007ffff7ffb000  0x00007ffff7ffd000  0x0000000000037000
        /usr/lib/x86_64-linux-gnu/ld-linux-x86-64.so.2
    0x00007ffff7ffd000  0x00007ffff7fff000  0x0000000000039000
        /usr/lib/x86_64-linux-gnu/ld-linux-x86-64.so.2
  GDB                  0x00001f10	NT_GDB_TDESC (GDB XML target description)
   description data: 3c 3f 78 6d 6c 20 76 65 72 73 69 6f 6e 3d 22 31 2e 30 22 3f 3e 0a 3c 21 44 4f 43 54 59 50 45 20 74 61 72 67 65 74 20 53 59 53 54 45 4d 20 22 67 64 62 2d 74 61 72 67 65 74 2e 64 74 64 22 3e 0a 3c 74 61 72 67 65 74 3e 0a 20 20 3c 61 72 63 68 69 74 65 63 74 75 72 65 3e 69 33 38 36 3a 78 38 36 2d 36 34 3c 2f 61 72 63 68 69 74 65 63 74 75 72 65 3e 0a 20 20 3c 6f 73 61 62 69 3e 47 4e 55 2f 4c 69 6e 75 78 3c 2f 6f 73 61 62 69 3e 0a 20 20 3c 66 65 61 74 75 72 65 20 6e 61 6d 65 3d 22 6f 72 67 2e 67 6e 75 2e 67 64 62 2e 69 33 38 36 2e 63 6f 72 65 22 3e 0a 20 20 20 20 3c 66 6c 61 67 73 20 69 64 3d 22 69 33 38 36 5f 65 66 6c 61 67 73 22 20 73 69 7a 65 3d 22 34 22 3e 0a 20 20 20 20 20 20 3c 66 69 65 6c 64 20 6e 61 6d 65 3d 22 43 46 22 20 73 74 61 72 74 3d 22 30 22 20 65 6e 64 3d 22 30 22 20 74 79 70 65 3d 22 62 6f 6f 6c 22 2f 3e 0a 20 20 20 20 20 20 3c 66 69 65 6c 64 20 6e 61 6d 65 3d 22 22 20 73 74 61 72 74 3d 22 31 22 20 65 6e 64 3d 22 31 22 20 74 79 70 65 3d 22 62 6f 6f 6c 22 2f 3e 0a 20 20 20 20 20 20 3c 66 69 65 6c 64 20 6e 61 6d 65 3d 22 50 46 22 20 73 74 61 72 74 3d 22 32 22 20 65 6e 64 3d 22 32 22 20 74 79 70 65 3d 22 62 6f 6f 6c 22 2f 3e 0a 20 20 20 20 20 20 3c 66 69 65 6c 64 20 6e 61 6d 65 3d 22 41 46 22 20 73 74 61 72 74 3d 22 34 22 20 65 6e 64 3d 22 34 22 20 74 79 70 65 3d 22 62 6f 6f 6c 22 2f 3e 0a 20 20 20 20 20 20 3c 66 69 65 6c 64 20 6e 61 6d 65 3d 22 5a 46 22 20 73 74 61 72 74 3d 22 36 22 20 65 6e 64 3d 22 36 22 20 74 79 70 65 3d 22 62 6f 6f 6c 22 2f 3e 0a 20 20 20 20 20 20 3c 66 69 65 6c 64 20 6e 61 6d 65 3d 22 53 46 22 20 73 74 61 72 74 3d 22 37 22 20 65 6e 64 3d 22 37 22 20 74 79 70 65 3d 22 62 6f 6f 6c 22 2f 3e 0a 20 20 20 20 20 20 3c 66 69 65 6c 64 20 6e 61 6d 65 3d 22 54 46 22 20 73 74 61 72 74 3d 22 38 22 20 65 6e 64 3d 22 38 22 20 74 79 70 65 3d 22 62 6f 6f 6c 22 2f 3e 0a 20 20 20 20 20 20 3c 66 69 65 6c 64 20 6e 61 6d 65 3d 22 49 46 22 20 73 74 61 72 74 3d 22 39 22 20 65 6e 64 3d 22 39 22 20 74 79 70 65 3d 22 62 6f 6f 6c 22 2f 3e 0a 20 20 20 20 20 20 3c 66 69 65 6c 64 20 6e 61 6d 65 3d 22 44 46 22 20 73 74 61 72 74 3d 22 31 30 22 20 65 6e 64 3d 22 31 30 22 20 74 79 70 65 3d 22 62 6f 6f 6c 22 2f 3e 0a 20 20 20 20 20 20 3c 66 69 65 6c 64 20 6e 61 6d 65 3d 22 4f 46 22 20 73 74 61 72 74 3d 22 31 31 22 20 65 6e 64 3d 22 31 31 22 20 74 79 70 65 3d 22 62 6f 6f 6c 22 2f 3e 0a 20 20 20 20 20 20 3c 66 69 65 6c 64 20 6e 61 6d 65 3d 22 4e 54 22 20 73 74 61 72 74 3d 22 31 34 22 20 65 6e 64 3d 22 31 34 22 20 74 79 70 65 3d 22 62 6f 6f 6c 22 2f 3e 0a 20 20 20 20 20 20 3c 66 69 65 6c 64 20 6e 61 6d 65 3d 22 52 46 22 20 73 74 61 72 74 3d 22 31 36 22 20 65 6e 64 3d 22 31 36 22 20 74 79 70 65 3d 22 62 6f 6f 6c 22 2f 3e 0a 20 20 20 20 20 20 3c 66 69 65 6c 64 20 6e 61 6d 65 3d 22 56 4d 22 20 73 74 61 72 74 3d 22 31 37 22 20 65 6e 64 3d 22 31 37 22 20 74 79 70 65 3d 22 62 6f 6f 6c 22 2f 3e 0a 20 20 20 20 20 20 3c 66 69 65 6c 64 20 6e 61 6d 65 3d 22 41 43 22 20 73 74 61 72 74 3d 22 31 38 22 20 65 6e 64 3d 22 31 38 22 20 74 79 70 65 3d 22 62 6f 6f 6c 22 2f 3e 0a 20 20 20 20 20 20 3c 66 69 65 6c 64 20 6e 61 6d 65 3d 22 56 49 46 22 20 73 74 61 72 74 3d 22 31 39 22 20 65 6e 64 3d 22 31 39 22 20 74 79 70 65 3d 22 62 6f 6f 6c 22 2f 3e 0a 20 20 20 20 20 20 3c 66 69 65 6c 64 20 6e 61 6d 65 3d 22 56 49 50 22 20 73 74 61 72 74 3d 22 32 30 22 20 65 6e 64 3d 22 32 30 22 20 74 79 70 65 3d 22 62 6f 6f 6c 22 2f 3e 0a 20 20 20 20 20 20 3c 66 69 65 6c 64 20 6e 61 6d 65 3d 22 49 44 22 20 73 74 61 72 74 3d 22 32 31 22 20 65 6e 64 3d 22 32 31 22 20 74 79 70 65 3d 22 62 6f 6f 6c 22 2f 3e 0a 20 20 20 20 3c 2f 66 6c 61 67 73 3e 0a 20 20 20 20 3c 72 65 67 20 6e 61 6d 65 3d 22 72 61 78 22 20 62 69 74 73 69 7a 65 3d 22 36 34 22 20 74 79 70 65 3d 22 69 6e 74 36 34 22 20 72 65 67 6e 75 6d 3d 22 30 22 2f 3e 0a 20 20 20 20 3c 72 65 67 20 6e 61 6d 65 3d 22 72 62 78 22 20 62 69 74 73 69 7a 65 3d 22 36 34 22 20 74 79 70 65 3d 22 69 6e 74 36 34 22 20 72 65 67 6e 75 6d 3d 22 31 22 2f 3e 0a 20 20 20 20 3c 72 65 67 20 6e 61 6d 65 3d 22 72 63 78 22 20 62 69 74 73 69 7a 65 3d 22 36 34 22 20 74 79 70 65 3d 22 69 6e 74 36 34 22 20 72 65 67 6e 75 6d 3d 22 32 22 2f 3e 0a 20 20 20 20 3c 72 65 67 20 6e 61 6d 65 3d 22 72 64 78 22 20 62 69 74 73 69 7a 65 3d 22 36 34 22 20 74 79 70 65 3d 22 69 6e 74 36 34 22 20 72 65 67 6e 75 6d 3d 22 33 22 2f 3e 0a 20 20 20 20 3c 72 65 67 20 6e 61 6d 65 3d 22 72 73 69 22 20 62 69 74 73 69 7a 65 3d 22 36 34 22 20 74 79 70 65 3d 22 69 6e 74 36 34 22 20 72 65 67 6e 75 6d 3d 22 34 22 2f 3e 0a 20 20 20 20 3c 72 65 67 20 6e 61 6d 65 3d 22 72 64 69 22 20 62 69 74 73 69 7a 65 3d 22 36 34 22 20 74 79 70 65 3d 22 69 6e 74 36 34 22 20 72 65 67 6e 75 6d 3d 22 35 22 2f 3e 0a 20 20 20 20 3c 72 65 67 20 6e 61 6d 65 3d 22 72 62 70 22 20 62 69 74 73 69 7a 65 3d 22 36 34 22 20 74 79 70 65 3d 22 64 61 74 61 5f 70 74 72 22 20 72 65 67 6e 75 6d 3d 22 36 22 2f 3e 0a 20 20 20 20 3c 72 65 67 20 6e 61 6d 65 3d 22 72 73 70 22 20 62 69 74 73 69 7a 65 3d 22 36 34 22 20 74 79 70 65 3d 22 64 61 74 61 5f 70 74 72 22 20 72 65 67 6e 75 6d 3d 22 37 22 2f 3e 0a 20 20 20 20 3c 72 65 67 20 6e 61 6d 65 3d 22 72 38 22 20 62 69 74 73 69 7a 65 3d 22 36 34 22 20 74 79 70 65 3d 22 69 6e 74 36 34 22 20 72 65 67 6e 75 6d 3d 22 38 22 2f 3e 0a 20 20 20 20 3c 72 65 67 20 6e 61 6d 65 3d 22 72 39 22 20 62 69 74 73 69 7a 65 3d 22 36 34 22 20 74 79 70 65 3d 22 69 6e 74 36 34 22 20 72 65 67 6e 75 6d 3d 22 39 22 2f 3e 0a 20 20 20 20 3c 72 65 67 20 6e 61 6d 65 3d 22 72 31 30 22 20 62 69 74 73 69 7a 65 3d 22 36 34 22 20 74 79 70 65 3d 22 69 6e 74 36 34 22 20 72 65 67 6e 75 6d 3d 22 31 30 22 2f 3e 0a 20 20 20 20 3c 72 65 67 20 6e 61 6d 65 3d 22 72 31 31 22 20 62 69 74 73 69 7a 65 3d 22 36 34 22 20 74 79 70 65 3d 22 69 6e 74 36 34 22 20 72 65 67 6e 75 6d 3d 22 31 31 22 2f 3e 0a 20 20 20 20 3c 72 65 67 20 6e 61 6d 65 3d 22 72 31 32 22 20 62 69 74 73 69 7a 65 3d 22 36 34 22 20 74 79 70 65 3d 22 69 6e 74 36 34 22 20 72 65 67 6e 75 6d 3d 22 31 32 22 2f 3e 0a 20 20 20 20 3c 72 65 67 20 6e 61 6d 65 3d 22 72 31 33 22 20 62 69 74 73 69 7a 65 3d 22 36 34 22 20 74 79 70 65 3d 22 69 6e 74 36 34 22 20 72 65 67 6e 75 6d 3d 22 31 33 22 2f 3e 0a 20 20 20 20 3c 72 65 67 20 6e 61 6d 65 3d 22 72 31 34 22 20 62 69 74 73 69 7a 65 3d 22 36 34 22 20 74 79 70 65 3d 22 69 6e 74 36 34 22 20 72 65 67 6e 75 6d 3d 22 31 34 22 2f 3e 0a 20 20 20 20 3c 72 65 67 20 6e 61 6d 65 3d 22 72 31 35 22 20 62 69 74 73 69 7a 65 3d 22 36 34 22 20 74 79 70 65 3d 22 69 6e 74 36 34 22 20 72 65 67 6e 75 6d 3d 22 31 35 22 2f 3e 0a 20 20 20 20 3c 72 65 67 20 6e 61 6d 65 3d 22 72 69 70 22 20 62 69 74 73 69 7a 65 3d 22 36 34 22 20 74 79 70 65 3d 22 63 6f 64 65 5f 70 74 72 22 20 72 65 67 6e 75 6d 3d 22 31 36 22 2f 3e 0a 20 20 20 20 3c 72 65 67 20 6e 61 6d 65 3d 22 65 66 6c 61 67 73 22 20 62 69 74 73 69 7a 65 3d 22 33 32 22 20 74 79 70 65 3d 22 69 33 38 36 5f 65 66 6c 61 67 73 22 20 72 65 67 6e 75 6d 3d 22 31 37 22 2f 3e 0a 20 20 20 20 3c 72 65 67 20 6e 61 6d 65 3d 22 63 73 22 20 62 69 74 73 69 7a 65 3d 22 33 32 22 20 74 79 70 65 3d 22 69 6e 74 33 32 22 20 72 65 67 6e 75 6d 3d 22 31 38 22 2f 3e 0a 20 20 20 20 3c 72 65 67 20 6e 61 6d 65 3d 22 73 73 22 20 62 69 74 73 69 7a 65 3d 22 33 32 22 20 74 79 70 65 3d 22 69 6e 74 33 32 22 20 72 65 67 6e 75 6d 3d 22 31 39 22 2f 3e 0a 20 20 20 20 3c 72 65 67 20 6e 61 6d 65 3d 22 64 73 22 20 62 69 74 73 69 7a 65 3d 22 33 32 22 20 74 79 70 65 3d 22 69 6e 74 33 32 22 20 72 65 67 6e 75 6d 3d 22 32 30 22 2f 3e 0a 20 20 20 20 3c 72 65 67 20 6e 61 6d 65 3d 22 65 73 22 20 62 69 74 73 69 7a 65 3d 22 33 32 22 20 74 79 70 65 3d 22 69 6e 74 33 32 22 20 72 65 67 6e 75 6d 3d 22 32 31 22 2f 3e 0a 20 20 20 20 3c 72 65 67 20 6e 61 6d 65 3d 22 66 73 22 20 62 69 74 73 69 7a 65 3d 22 33 32 22 20 74 79 70 65 3d 22 69 6e 74 33 32 22 20 72 65 67 6e 75 6d 3d 22 32 32 22 2f 3e 0a 20 20 20 20 3c 72 65 67 20 6e 61 6d 65 3d 22 67 73 22 20 62 69 74 73 69 7a 65 3d 22 33 32 22 20 74 79 70 65 3d 22 69 6e 74 33 32 22 20 72 65 67 6e 75 6d 3d 22 32 33 22 2f 3e 0a 20 20 20 20 3c 72 65 67 20 6e 61 6d 65 3d 22 73 74 30 22 20 62 69 74 73 69 7a 65 3d 22 38 30 22 20 74 79 70 65 3d 22 69 33 38 37 5f 65 78 74 22 20 72 65 67 6e 75 6d 3d 22 32 34 22 2f 3e 0a 20 20 20 20 3c 72 65 67 20 6e 61 6d 65 3d 22 73 74 31 22 20 62 69 74 73 69 7a 65 3d 22 38 30 22 20 74 79 70 65 3d 22 69 33 38 37 5f 65 78 74 22 20 72 65 67 6e 75 6d 3d 22 32 35 22 2f 3e 0a 20 20 20 20 3c 72 65 67 20 6e 61 6d 65 3d 22 73 74 32 22 20 62 69 74 73 69 7a 65 3d 22 38 30 22 20 74 79 70 65 3d 22 69 33 38 37 5f 65 78 74 22 20 72 65 67 6e 75 6d 3d 22 32 36 22 2f 3e 0a 20 20 20 20 3c 72 65 67 20 6e 61 6d 65 3d 22 73 74 33 22 20 62 69 74 73 69 7a 65 3d 22 38 30 22 20 74 79 70 65 3d 22 69 33 38 37 5f 65 78 74 22 20 72 65 67 6e 75 6d 3d 22 32 37 22 2f 3e 0a 20 20 20 20 3c 72 65 67 20 6e 61 6d 65 3d 22 73 74 34 22 20 62 69 74 73 69 7a 65 3d 22 38 30 22 20 74 79 70 65 3d 22 69 33 38 37 5f 65 78 74 22 20 72 65 67 6e 75 6d 3d 22 32 38 22 2f 3e 0a 20 20 20 20 3c 72 65 67 20 6e 61 6d 65 3d 22 73 74 35 22 20 62 69 74 73 69 7a 65 3d 22 38 30 22 20 74 79 70 65 3d 22 69 33 38 37 5f 65 78 74 22 20 72 65 67 6e 75 6d 3d 22 32 39 22 2f 3e 0a 20 20 20 20 3c 72 65 67 20 6e 61 6d 65 3d 22 73 74 36 22 20 62 69 74 73 69 7a 65 3d 22 38 30 22 20 74 79 70 65 3d 22 69 33 38 37 5f 65 78 74 22 20 72 65 67 6e 75 6d 3d 22 33 30 22 2f 3e 0a 20 20 20 20 3c 72 65 67 20 6e 61 6d 65 3d 22 73 74 37 22 20 62 69 74 73 69 7a 65 3d 22 38 30 22 20 74 79 70 65 3d 22 69 33 38 37 5f 65 78 74 22 20 72 65 67 6e 75 6d 3d 22 33 31 22 2f 3e 0a 20 20 20 20 3c 72 65 67 20 6e 61 6d 65 3d 22 66 63 74 72 6c 22 20 62 69 74 73 69 7a 65 3d 22 33 32 22 20 74 79 70 65 3d 22 69 6e 74 22 20 72 65 67 6e 75 6d 3d 22 33 32 22 20 67 72 6f 75 70 3d 22 66 6c 6f 61 74 22 2f 3e 0a 20 20 20 20 3c 72 65 67 20 6e 61 6d 65 3d 22 66 73 74 61 74 22 20 62 69 74 73 69 7a 65 3d 22 33 32 22 20 74 79 70 65 3d 22 69 6e 74 22 20 72 65 67 6e 75 6d 3d 22 33 33 22 20 67 72 6f 75 70 3d 22 66 6c 6f 61 74 22 2f 3e 0a 20 20 20 20 3c 72 65 67 20 6e 61 6d 65 3d 22 66 74 61 67 22 20 62 69 74 73 69 7a 65 3d 22 33 32 22 20 74 79 70 65 3d 22 69 6e 74 22 20 72 65 67 6e 75 6d 3d 22 33 34 22 20 67 72 6f 75 70 3d 22 66 6c 6f 61 74 22 2f 3e 0a 20 20 20 20 3c 72 65 67 20 6e 61 6d 65 3d 22 66 69 73 65 67 22 20 62 69 74 73 69 7a 65 3d 22 33 32 22 20 74 79 70 65 3d 22 69 6e 74 22 20 72 65 67 6e 75 6d 3d 22 33 35 22 20 67 72 6f 75 70 3d 22 66 6c 6f 61 74 22 2f 3e 0a 20 20 20 20 3c 72 65 67 20 6e 61 6d 65 3d 22 66 69 6f 66 66 22 20 62 69 74 73 69 7a 65 3d 22 33 32 22 20 74 79 70 65 3d 22 69 6e 74 22 20 72 65 67 6e 75 6d 3d 22 33 36 22 20 67 72 6f 75 70 3d 22 66 6c 6f 61 74 22 2f 3e 0a 20 20 20 20 3c 72 65 67 20 6e 61 6d 65 3d 22 66 6f 73 65 67 22 20 62 69 74 73 69 7a 65 3d 22 33 32 22 20 74 79 70 65 3d 22 69 6e 74 22 20 72 65 67 6e 75 6d 3d 22 33 37 22 20 67 72 6f 75 70 3d 22 66 6c 6f 61 74 22 2f 3e 0a 20 20 20 20 3c 72 65 67 20 6e 61 6d 65 3d 22 66 6f 6f 66 66 22 20 62 69 74 73 69 7a 65 3d 22 33 32 22 20 74 79 70 65 3d 22 69 6e 74 22 20 72 65 67 6e 75 6d 3d 22 33 38 22 20 67 72 6f 75 70 3d 22 66 6c 6f 61 74 22 2f 3e 0a 20 20 20 20 3c 72 65 67 20 6e 61 6d 65 3d 22 66 6f 70 22 20 62 69 74 73 69 7a 65 3d 22 33 32 22 20 74 79 70 65 3d 22 69 6e 74 22 20 72 65 67 6e 75 6d 3d 22 33 39 22 20 67 72 6f 75 70 3d 22 66 6c 6f 61 74 22 2f 3e 0a 20 20 3c 2f 66 65 61 74 75 72 65 3e 0a 20 20 3c 66 65 61 74 75 72 65 20 6e 61 6d 65 3d 22 6f 72 67 2e 67 6e 75 2e 67 64 62 2e 69 33 38 36 2e 73 73 65 22 3e 0a 20 20 20 20 3c 76 65 63 74 6f 72 20 69 64 3d 22 76 38 62 66 31 36 22 20 74 79 70 65 3d 22 62 66 6c 6f 61 74 31 36 22 20 63 6f 75 6e 74 3d 22 38 22 2f 3e 0a 20 20 20 20 3c 76 65 63 74 6f 72 20 69 64 3d 22 76 38 68 22 20 74 79 70 65 3d 22 69 65 65 65 5f 68 61 6c 66 22 20 63 6f 75 6e 74 3d 22 38 22 2f 3e 0a 20 20 20 20 3c 76 65 63 74 6f 72 20 69 64 3d 22 76 34 66 22 20 74 79 70 65 3d 22 69 65 65 65 5f 73 69 6e 67 6c 65 22 20 63 6f 75 6e 74 3d 22 34 22 2f 3e 0a 20 20 20 20 3c 76 65 63 74 6f 72 20 69 64 3d 22 76 32 64 22 20 74 79 70 65 3d 22 69 65 65 65 5f 64 6f 75 62 6c 65 22 20 63 6f 75 6e 74 3d 22 32 22 2f 3e 0a 20 20 20 20 3c 76 65 63 74 6f 72 20 69 64 3d 22 76 31 36 69 38 22 20 74 79 70 65 3d 22 69 6e 74 38 22 20 63 6f 75 6e 74 3d 22 31 36 22 2f 3e 0a 20 20 20 20 3c 76 65 63 74 6f 72 20 69 64 3d 22 76 38 69 31 36 22 20 74 79 70 65 3d 22 69 6e 74 31 36 22 20 63 6f 75 6e 74 3d 22 38 22 2f 3e 0a 20 20 20 20 3c 76 65 63 74 6f 72 20 69 64 3d 22 76 34 69 33 32 22 20 74 79 70 65 3d 22 69 6e 74 33 32 22 20 63 6f 75 6e 74 3d 22 34 22 2f 3e 0a 20 20 20 20 3c 76 65 63 74 6f 72 20 69 64 3d 22 76 32 69 36 34 22 20 74 79 70 65 3d 22 69 6e 74 36 34 22 20 63 6f 75 6e 74 3d 22 32 22 2f 3e 0a 20 20 20 20 3c 75 6e 69 6f 6e 20 69 64 3d 22 76 65 63 31 32 38 22 3e 0a 20 20 20 20 20 20 3c 66 69 65 6c 64 20 6e 61 6d 65 3d 22 76 38 5f 62 66 6c 6f 61 74 31 36 22 20 74 79 70 65 3d 22 76 38 62 66 31 36 22 2f 3e 0a 20 20 20 20 20 20 3c 66 69 65 6c 64 20 6e 61 6d 65 3d 22 76 38 5f 68 61 6c 66 22 20 74 79 70 65 3d 22 76 38 68 22 2f 3e 0a 20 20 20 20 20 20 3c 66 69 65 6c 64 20 6e 61 6d 65 3d 22 76 34 5f 66 6c 6f 61 74 22 20 74 79 70 65 3d 22 76 34 66 22 2f 3e 0a 20 20 20 20 20 20 3c 66 69 65 6c 64 20 6e 61 6d 65 3d 22 76 32 5f 64 6f 75 62 6c 65 22 20 74 79 70 65 3d 22 76 32 64 22 2f 3e 0a 20 20 20 20 20 20 3c 66 69 65 6c 64 20 6e 61 6d 65 3d 22 76 31 36 5f 69 6e 74 38 22 20 74 79 70 65 3d 22 76 31 36 69 38 22 2f 3e 0a 20 20 20 20 20 20 3c 66 69 65 6c 64 20 6e 61 6d 65 3d 22 76 38 5f 69 6e 74 31 36 22 20 74 79 70 65 3d 22 76 38 69 31 36 22 2f 3e 0a 20 20 20 20 20 20 3c 66 69 65 6c 64 20 6e 61 6d 65 3d 22 76 34 5f 69 6e 74 33 32 22 20 74 79 70 65 3d 22 76 34 69 33 32 22 2f 3e 0a 20 20 20 20 20 20 3c 66 69 65 6c 64 20 6e 61 6d 65 3d 22 76 32 5f 69 6e 74 36 34 22 20 74 79 70 65 3d 22 76 32 69 36 34 22 2f 3e 0a 20 20 20 20 20 20 3c 66 69 65 6c 64 20 6e 61 6d 65 3d 22 75 69 6e 74 31 32 38 22 20 74 79 70 65 3d 22 75 69 6e 74 31 32 38 22 2f 3e 0a 20 20 20 20 3c 2f 75 6e 69 6f 6e 3e 0a 20 20 20 20 3c 66 6c 61 67 73 20 69 64 3d 22 69 33 38 36 5f 6d 78 63 73 72 22 20 73 69 7a 65 3d 22 34 22 3e 0a 20 20 20 20 20 20 3c 66 69 65 6c 64 20 6e 61 6d 65 3d 22 49 45 22 20 73 74 61 72 74 3d 22 30 22 20 65 6e 64 3d 22 30 22 20 74 79 70 65 3d 22 62 6f 6f 6c 22 2f 3e 0a 20 20 20 20 20 20 3c 66 69 65 6c 64 20 6e 61 6d 65 3d 22 44 45 22 20 73 74 61 72 74 3d 22 31 22 20 65 6e 64 3d 22 31 22 20 74 79 70 65 3d 22 62 6f 6f 6c 22 2f 3e 0a 20 20 20 20 20 20 3c 66 69 65 6c 64 20 6e 61 6d 65 3d 22 5a 45 22 20 73 74 61 72 74 3d 22 32 22 20 65 6e 64 3d 22 32 22 20 74 79 70 65 3d 22 62 6f 6f 6c 22 2f 3e 0a 20 20 20 20 20 20 3c 66 69 65 6c 64 20 6e 61 6d 65 3d 22 4f 45 22 20 73 74 61 72 74 3d 22 33 22 20 65 6e 64 3d 22 33 22 20 74 79 70 65 3d 22 62 6f 6f 6c 22 2f 3e 0a 20 20 20 20 20 20 3c 66 69 65 6c 64 20 6e 61 6d 65 3d 22 55 45 22 20 73 74 61 72 74 3d 22 34 22 20 65 6e 64 3d 22 34 22 20 74 79 70 65 3d 22 62 6f 6f 6c 22 2f 3e 0a 20 20 20 20 20 20 3c 66 69 65 6c 64 20 6e 61 6d 65 3d 22 50 45 22 20 73 74 61 72 74 3d 22 35 22 20 65 6e 64 3d 22 35 22 20 74 79 70 65 3d 22 62 6f 6f 6c 22 2f 3e 0a 20 20 20 20 20 20 3c 66 69 65 6c 64 20 6e 61 6d 65 3d 22 44 41 5a 22 20 73 74 61 72 74 3d 22 36 22 20 65 6e 64 3d 22 36 22 20 74 79 70 65 3d 22 62 6f 6f 6c 22 2f 3e 0a 20 20 20 20 20 20 3c 66 69 65 6c 64 20 6e 61 6d 65 3d 22 49 4d 22 20 73 74 61 72 74 3d 22 37 22 20 65 6e 64 3d 22 37 22 20 74 79 70 65 3d 22 62 6f 6f 6c 22 2f 3e 0a 20 20 20 20 20 20 3c 66 69 65 6c 64 20 6e 61 6d 65 3d 22 44 4d 22 20 73 74 61 72 74 3d 22 38 22 20 65 6e 64 3d 22 38 22 20 74 79 70 65 3d 22 62 6f 6f 6c 22 2f 3e 0a 20 20 20 20 20 20 3c 66 69 65 6c 64 20 6e 61 6d 65 3d 22 5a 4d 22 20 73 74 61 72 74 3d 22 39 22 20 65 6e 64 3d 22 39 22 20 74 79 70 65 3d 22 62 6f 6f 6c 22 2f 3e 0a 20 20 20 20 20 20 3c 66 69 65 6c 64 20 6e 61 6d 65 3d 22 4f 4d 22 20 73 74 61 72 74 3d 22 31 30 22 20 65 6e 64 3d 22 31 30 22 20 74 79 70 65 3d 22 62 6f 6f 6c 22 2f 3e 0a 20 20 20 20 20 20 3c 66 69 65 6c 64 20 6e 61 6d 65 3d 22 55 4d 22 20 73 74 61 72 74 3d 22 31 31 22 20 65 6e 64 3d 22 31 31 22 20 74 79 70 65 3d 22 62 6f 6f 6c 22 2f 3e 0a 20 20 20 20 20 20 3c 66 69 65 6c 64 20 6e 61 6d 65 3d 22 50 4d 22 20 73 74 61 72 74 3d 22 31 32 22 20 65 6e 64 3d 22 31 32 22 20 74 79 70 65 3d 22 62 6f 6f 6c 22 2f 3e 0a 20 20 20 20 20 20 3c 66 69 65 6c 64 20 6e 61 6d 65 3d 22 46 5a 22 20 73 74 61 72 74 3d 22 31 35 22 20 65 6e 64 3d 22 31 35 22 20 74 79 70 65 3d 22 62 6f 6f 6c 22 2f 3e 0a 20 20 20 20 3c 2f 66 6c 61 67 73 3e 0a 20 20 20 20 3c 72 65 67 20 6e 61 6d 65 3d 22 78 6d 6d 30 22 20 62 69 74 73 69 7a 65 3d 22 31 32 38 22 20 74 79 70 65 3d 22 76 65 63 31 32 38 22 20 72 65 67 6e 75 6d 3d 22 34 30 22 2f 3e 0a 20 20 20 20 3c 72 65 67 20 6e 61 6d 65 3d 22 78 6d 6d 31 22 20 62 69 74 73 69 7a 65 3d 22 31 32 38 22 20 74 79 70 65 3d 22 76 65 63 31 32 38 22 20 72 65 67 6e 75 6d 3d 22 34 31 22 2f 3e 0a 20 20 20 20 3c 72 65 67 20 6e 61 6d 65 3d 22 78 6d 6d 32 22 20 62 69 74 73 69 7a 65 3d 22 31 32 38 22 20 74 79 70 65 3d 22 76 65 63 31 32 38 22 20 72 65 67 6e 75 6d 3d 22 34 32 22 2f 3e 0a 20 20 20 20 3c 72 65 67 20 6e 61 6d 65 3d 22 78 6d 6d 33 22 20 62 69 74 73 69 7a 65 3d 22 31 32 38 22 20 74 79 70 65 3d 22 76 65 63 31 32 38 22 20 72 65 67 6e 75 6d 3d 22 34 33 22 2f 3e 0a 20 20 20 20 3c 72 65 67 20 6e 61 6d 65 3d 22 78 6d 6d 34 22 20 62 69 74 73 69 7a 65 3d 22 31 32 38 22 20 74 79 70 65 3d 22 76 65 63 31 32 38 22 20 72 65 67 6e 75 6d 3d 22 34 34 22 2f 3e 0a 20 20 20 20 3c 72 65 67 20 6e 61 6d 65 3d 22 78 6d 6d 35 22 20 62 69 74 73 69 7a 65 3d 22 31 32 38 22 20 74 79 70 65 3d 22 76 65 63 31 32 38 22 20 72 65 67 6e 75 6d 3d 22 34 35 22 2f 3e 0a 20 20 20 20 3c 72 65 67 20 6e 61 6d 65 3d 22 78 6d 6d 36 22 20 62 69 74 73 69 7a 65 3d 22 31 32 38 22 20 74 79 70 65 3d 22 76 65 63 31 32 38 22 20 72 65 67 6e 75 6d 3d 22 34 36 22 2f 3e 0a 20 20 20 20 3c 72 65 67 20 6e 61 6d 65 3d 22 78 6d 6d 37 22 20 62 69 74 73 69 7a 65 3d 22 31 32 38 22 20 74 79 70 65 3d 22 76 65 63 31 32 38 22 20 72 65 67 6e 75 6d 3d 22 34 37 22 2f 3e 0a 20 20 20 20 3c 72 65 67 20 6e 61 6d 65 3d 22 78 6d 6d 38 22 20 62 69 74 73 69 7a 65 3d 22 31 32 38 22 20 74 79 70 65 3d 22 76 65 63 31 32 38 22 20 72 65 67 6e 75 6d 3d 22 34 38 22 2f 3e 0a 20 20 20 20 3c 72 65 67 20 6e 61 6d 65 3d 22 78 6d 6d 39 22 20 62 69 74 73 69 7a 65 3d 22 31 32 38 22 20 74 79 70 65 3d 22 76 65 63 31 32 38 22 20 72 65 67 6e 75 6d 3d 22 34 39 22 2f 3e 0a 20 20 20 20 3c 72 65 67 20 6e 61 6d 65 3d 22 78 6d 6d 31 30 22 20 62 69 74 73 69 7a 65 3d 22 31 32 38 22 20 74 79 70 65 3d 22 76 65 63 31 32 38 22 20 72 65 67 6e 75 6d 3d 22 35 30 22 2f 3e 0a 20 20 20 20 3c 72 65 67 20 6e 61 6d 65 3d 22 78 6d 6d 31 31 22 20 62 69 74 73 69 7a 65 3d 22 31 32 38 22 20 74 79 70 65 3d 22 76 65 63 31 32 38 22 20 72 65 67 6e 75 6d 3d 22 35 31 22 2f 3e 0a 20 20 20 20 3c 72 65 67 20 6e 61 6d 65 3d 22 78 6d 6d 31 32 22 20 62 69 74 73 69 7a 65 3d 22 31 32 38 22 20 74 79 70 65 3d 22 76 65 63 31 32 38 22 20 72 65 67 6e 75 6d 3d 22 35 32 22 2f 3e 0a 20 20 20 20 3c 72 65 67 20 6e 61 6d 65 3d 22 78 6d 6d 31 33 22 20 62 69 74 73 69 7a 65 3d 22 31 32 38 22 20 74 79 70 65 3d 22 76 65 63 31 32 38 22 20 72 65 67 6e 75 6d 3d 22 35 33 22 2f 3e 0a 20 20 20 20 3c 72 65 67 20 6e 61 6d 65 3d 22 78 6d 6d 31 34 22 20 62 69 74 73 69 7a 65 3d 22 31 32 38 22 20 74 79 70 65 3d 22 76 65 63 31 32 38 22 20 72 65 67 6e 75 6d 3d 22 35 34 22 2f 3e 0a 20 20 20 20 3c 72 65 67 20 6e 61 6d 65 3d 22 78 6d 6d 31 35 22 20 62 69 74 73 69 7a 65 3d 22 31 32 38 22 20 74 79 70 65 3d 22 76 65 63 31 32 38 22 20 72 65 67 6e 75 6d 3d 22 35 35 22 2f 3e 0a 20 20 20 20 3c 72 65 67 20 6e 61 6d 65 3d 22 6d 78 63 73 72 22 20 62 69 74 73 69 7a 65 3d 22 33 32 22 20 74 79 70 65 3d 22 69 33 38 36 5f 6d 78 63 73 72 22 20 72 65 67 6e 75 6d 3d 22 35 36 22 20 67 72 6f 75 70 3d 22 76 65 63 74 6f 72 22 2f 3e 0a 20 20 3c 2f 66 65 61 74 75 72 65 3e 0a 20 20 3c 66 65 61 74 75 72 65 20 6e 61 6d 65 3d 22 6f 72 67 2e 67 6e 75 2e 67 64 62 2e 69 33 38 36 2e 6c 69 6e 75 78 22 3e 0a 20 20 20 20 3c 72 65 67 20 6e 61 6d 65 3d 22 6f 72 69 67 5f 72 61 78 22 20 62 69 74 73 69 7a 65 3d 22 36 34 22 20 74 79 70 65 3d 22 69 6e 74 22 20 72 65 67 6e 75 6d 3d 22 35 37 22 2f 3e 0a 20 20 3c 2f 66 65 61 74 75 72 65 3e 0a 20 20 3c 66 65 61 74 75 72 65 20 6e 61 6d 65 3d 22 6f 72 67 2e 67 6e 75 2e 67 64 62 2e 69 33 38 36 2e 73 65 67 6d 65 6e 74 73 22 3e 0a 20 20 20 20 3c 72 65 67 20 6e 61 6d 65 3d 22 66 73 5f 62 61 73 65 22 20 62 69 74 73 69 7a 65 3d 22 36 34 22 20 74 79 70 65 3d 22 69 6e 74 22 20 72 65 67 6e 75 6d 3d 22 35 38 22 2f 3e 0a 20 20 20 20 3c 72 65 67 20 6e 61 6d 65 3d 22 67 73 5f 62 61 73 65 22 20 62 69 74 73 69 7a 65 3d 22 36 34 22 20 74 79 70 65 3d 22 69 6e 74 22 20 72 65 67 6e 75 6d 3d 22 35 39 22 2f 3e 0a 20 20 3c 2f 66 65 61 74 75 72 65 3e 0a 20 20 3c 66 65 61 74 75 72 65 20 6e 61 6d 65 3d 22 6f 72 67 2e 67 6e 75 2e 67 64 62 2e 69 33 38 36 2e 61 76 78 22 3e 0a 20 20 20 20 3c 72 65 67 20 6e 61 6d 65 3d 22 79 6d 6d 30 68 22 20 62 69 74 73 69 7a 65 3d 22 31 32 38 22 20 74 79 70 65 3d 22 75 69 6e 74 31 32 38 22 20 72 65 67 6e 75 6d 3d 22 36 30 22 2f 3e 0a 20 20 20 20 3c 72 65 67 20 6e 61 6d 65 3d 22 79 6d 6d 31 68 22 20 62 69 74 73 69 7a 65 3d 22 31 32 38 22 20 74 79 70 65 3d 22 75 69 6e 74 31 32 38 22 20 72 65 67 6e 75 6d 3d 22 36 31 22 2f 3e 0a 20 20 20 20 3c 72 65 67 20 6e 61 6d 65 3d 22 79 6d 6d 32 68 22 20 62 69 74 73 69 7a 65 3d 22 31 32 38 22 20 74 79 70 65 3d 22 75 69 6e 74 31 32 38 22 20 72 65 67 6e 75 6d 3d 22 36 32 22 2f 3e 0a 20 20 20 20 3c 72 65 67 20 6e 61 6d 65 3d 22 79 6d 6d 33 68 22 20 62 69 74 73 69 7a 65 3d 22 31 32 38 22 20 74 79 70 65 3d 22 75 69 6e 74 31 32 38 22 20 72 65 67 6e 75 6d 3d 22 36 33 22 2f 3e 0a 20 20 20 20 3c 72 65 67 20 6e 61 6d 65 3d 22 79 6d 6d 34 68 22 20 62 69 74 73 69 7a 65 3d 22 31 32 38 22 20 74 79 70 65 3d 22 75 69 6e 74 31 32 38 22 20 72 65 67 6e 75 6d 3d 22 36 34 22 2f 3e 0a 20 20 20 20 3c 72 65 67 20 6e 61 6d 65 3d 22 79 6d 6d 35 68 22 20 62 69 74 73 69 7a 65 3d 22 31 32 38 22 20 74 79 70 65 3d 22 75 69 6e 74 31 32 38 22 20 72 65 67 6e 75 6d 3d 22 36 35 22 2f 3e 0a 20 20 20 20 3c 72 65 67 20 6e 61 6d 65 3d 22 79 6d 6d 36 68 22 20 62 69 74 73 69 7a 65 3d 22 31 32 38 22 20 74 79 70 65 3d 22 75 69 6e 74 31 32 38 22 20 72 65 67 6e 75 6d 3d 22 36 36 22 2f 3e 0a 20 20 20 20 3c 72 65 67 20 6e 61 6d 65 3d 22 79 6d 6d 37 68 22 20 62 69 74 73 69 7a 65 3d 22 31 32 38 22 20 74 79 70 65 3d 22 75 69 6e 74 31 32 38 22 20 72 65 67 6e 75 6d 3d 22 36 37 22 2f 3e 0a 20 20 20 20 3c 72 65 67 20 6e 61 6d 65 3d 22 79 6d 6d 38 68 22 20 62 69 74 73 69 7a 65 3d 22 31 32 38 22 20 74 79 70 65 3d 22 75 69 6e 74 31 32 38 22 20 72 65 67 6e 75 6d 3d 22 36 38 22 2f 3e 0a 20 20 20 20 3c 72 65 67 20 6e 61 6d 65 3d 22 79 6d 6d 39 68 22 20 62 69 74 73 69 7a 65 3d 22 31 32 38 22 20 74 79 70 65 3d 22 75 69 6e 74 31 32 38 22 20 72 65 67 6e 75 6d 3d 22 36 39 22 2f 3e 0a 20 20 20 20 3c 72 65 67 20 6e 61 6d 65 3d 22 79 6d 6d 31 30 68 22 20 62 69 74 73 69 7a 65 3d 22 31 32 38 22 20 74 79 70 65 3d 22 75 69 6e 74 31 32 38 22 20 72 65 67 6e 75 6d 3d 22 37 30 22 2f 3e 0a 20 20 20 20 3c 72 65 67 20 6e 61 6d 65 3d 22 79 6d 6d 31 31 68 22 20 62 69 74 73 69 7a 65 3d 22 31 32 38 22 20 74 79 70 65 3d 22 75 69 6e 74 31 32 38 22 20 72 65 67 6e 75 6d 3d 22 37 31 22 2f 3e 0a 20 20 20 20 3c 72 65 67 20 6e 61 6d 65 3d 22 79 6d 6d 31 32 68 22 20 62 69 74 73 69 7a 65 3d 22 31 32 38 22 20 74 79 70 65 3d 22 75 69 6e 74 31 32 38 22 20 72 65 67 6e 75 6d 3d 22 37 32 22 2f 3e 0a 20 20 20 20 3c 72 65 67 20 6e 61 6d 65 3d 22 79 6d 6d 31 33 68 22 20 62 69 74 73 69 7a 65 3d 22 31 32 38 22 20 74 79 70 65 3d 22 75 69 6e 74 31 32 38 22 20 72 65 67 6e 75 6d 3d 22 37 33 22 2f 3e 0a 20 20 20 20 3c 72 65 67 20 6e 61 6d 65 3d 22 79 6d 6d 31 34 68 22 20 62 69 74 73 69 7a 65 3d 22 31 32 38 22 20 74 79 70 65 3d 22 75 69 6e 74 31 32 38 22 20 72 65 67 6e 75 6d 3d 22 37 34 22 2f 3e 0a 20 20 20 20 3c 72 65 67 20 6e 61 6d 65 3d 22 79 6d 6d 31 35 68 22 20 62 69 74 73 69 7a 65 3d 22 31 32 38 22 20 74 79 70 65 3d 22 75 69 6e 74 31 32 38 22 20 72 65 67 6e 75 6d 3d 22 37 35 22 2f 3e 0a 20 20 3c 2f 66 65 61 74 75 72 65 3e 0a 3c 2f 74 61 72 67 65 74 3e 0a 00 
